0.0
0.0
0.0
1872
20
0.0
0.0
0.0
92
0.0
12.1
129.1
0.0
0.0
3173
0.0
2.6
144
220
0.0
466
71
788
0.0
0.0
647
24
0
319
0.0
0.0
0.0
0.0
36
0.0
96.2
0.0
62.9
0.0
175
0.0
27.5
0.0
3705.5
0.0
0.0
0.0
0.0
8.3
0.0
0.0
142
0.0
229.6
0.0
0.0
185.2
0.0
129.5
378
179
45
125
0.0
0.0
390.2
0.0
130.6
0.0
0.0
22.6
1119
1628.4
7.3
615
0.0
0.0
71.7
0
712
0.0
0.0
0.0
0.0
0.0
196
0.0
0.0
115
0.4
190.1
0.0
0.0
36
0.0
120
0.0
1071
73.2
962
0.0
0.0
23.6
0.0
44
123
10.1
0.0
0.0
10.4
227.2
0.0
119
0.0
0.0
0.0
137.2
0.0
0.0
99.0
0.0
706
0.0
0.0
4.9
36
0.0
0.0
93
376.3
0.0
79.2
0.0
152
11
0.0
765.3
0.0
352.8
0.0
367
25.6
0.0
0.0
385
301.7
0.0
429
794
27
69
0.0
30
0.0
3000
263
0.0
97.5
0.0
0.0
0.0
146
0.0
0.0
0.0
0.0
0.0
1018
18
0.0
0.0
0.0
0.0
8
0.0
432
9.2
0.0
0.0
0.0
0.0
0.0
0.0
318
1415
0.0
86
0.0
0.0
0.0
213.7
6.6
3.4
0.0
0.0
0.0
0.0
58
0
0.0
234
0.0
0.2
0.0
20
0.0
0.0
0.0
0.0
0.0
66.1
706
0.0
0.0
2399.0
38.6
0.0
0.0
241.5
271.2
0.0
0.0
0.0
43.4
0.0
139.9
1.5
0.0
0.0
0.0
0
582.4
111.0
0.0
0.0
0.0
0.0
0.5
0.0
417.1
0.0
0.0
709.6
0.0
0.0
0.0
0.0
0.0
11.3
19.3
52.2
478.8
49.7
0
0.9
0.0
1003.8
26.4
0.0
1037.7
0.0
61.5
447
0.0
41.2
41
2.5
27.9
0.0
25.1
0.0
971.6
0.0
42.7
142.2
0.0
173.5
0.0
36.4
305.6
1.5
0.0
349.1
0.0
165.5
0.0
118.6
0.0
1
137
68.6
108.5
0.0
0.0
0.0
0.0
8.0
0.0
0.0
372
0.0
202
0.0
0.0
0.0
1248
0.0
634
0
0.0
0.0
837
0.0
0.0
0.0
0.0
0.0
0.0
0.0
0.0
0.0
0.0
0.0
359
273.2
73.9
0.0
0.0
0.0
6.1
5.7
85.7
0.0
0.0
0.0
0.0
0.0
0.0
0.0
0.0
152
0.0
606.8
0.0
202.5
0.0
0.0
57
214.5
0.0
1430.4
0.0
0.0
665.6
0.0
0.0
149.4
159
5.3
4.8
0.0
74.1
22
458
0.0
1.8
666.7
73.8
0.0
0.0
0.0
503
29.4
0.0
88.4
15.9
11.7
142
0.0
222.4
0.0
0.0
0.0
0.0
0.0
0.0
36.3
0.8
0.0
0.0
1.6
0.0
0.0
5.5
8.0
0.0
12.5
0.0
401.3
0.0
110.9
64.6
12.4
91.0
68.8
176.7
3.1
0.0
0.0
0.0
0.0
810
222.5
0.0
2.7
3.9
0.0
0.0
0.0
0.0
0.0
0.0
0.0
116.4
0.0
0.0
0.0
284.1
0.0
30.1
49
0.0
0.0
776
0.0
3.8
0.0
264.7
0.0
0.0
0.0
0.6
0.0
0.0
0.0
74.4
0.0
0.0
0.0
0.0
0.0
0.0
300
29.4
0.0
118.3
0.0
377
0.0
88.0
12.6
0.0
157.1
0.0
50
0.0
0.0
0.0
0.0
352.0
0.4
0.0
1071
0.0
0.0
0.0
0.0
9.2
0.0
0.0
0.0
121.1
0.0
0.0
0.0
306.7
0.0
117.2
54
0.0
0.0
0.0
0.0
0.0
0.0
0.0
0.0
0.0
0.0
113.7
0.0
36
229.6
0.0
0.0
850
46.6
0.0
104
2833.4
804.9
0.0
23.8
0.0
52.8
0.0
0.0
0.0
1100.3
0.0
184.5
0.0
0.0
0.0
0.0
32.7
0.0
14.7
0.0
0.0
0.0
120.4
0.0
0.0
711.8
0.0
0.0
0.0
4.2
0.0
1668.0
249.2
343.0
41.7
35.4
0.8
0.0
0.0
13.3
0.0
0.0
50.1
19.4
3187.9
832.3
0.0
320.5
0.0
720.6
0.0
0.0
0.0
31.8
277.2
0.0
0.0
0.0
108.5
0.0
0.0
0.0
0.0
538.2
0.0
0.0
0.0
0.0
0.0
0.0
0.0
0.0
0.0
0.0
0.0
0.0
0.0
145
0.0
110
0.6
0.0
115
0.0
0.0
10.4
0.0
32
0.0
0.0
238.6
30.4
0.0
18.1
0.0
0.0
0.0
176.9
0.0
30
13.4
0.0
304.6
66
721.6
185.2
0.0
0.0
0.0
0.0
0.0
0.0
55.9
0.1
0.0
0.0
135
2.4
4.8
0.0
0.0
0.0
0.0
19.3
0.0
0.0
0.0
0.0
191.9
219.5
0.0
264
7.3
0
0.0
0.0
345
0.0
0.0
7.8
63.5
1527.4
0.0
0.0
0.0
0.0
354.8
6.4
0.0
0.0
534.6
5.2
91.1
0.0
0.0
0.2
216.2
0.0
0.0
0.0
0.0
0.0
0.0
0.0
0.0
0.0
919
132
0.0
0.0
0.0
14.3
0.0
0.0
0.0
0.0
807
0.0
0.0
0.0
0.0
760.8
16.7
77.1
2.5
0.0
0.0
0.0
391.9
0.0
0.0
0.0
550.6
9.0
0.0
33
0.0
51.4
0.0
0.0
0.0
51.6
261
0.0
0.0
0.0
730.1
0.0
0.0
0.0
45.9
0.0
0.0
0.0
366.8
14.5
0.0
0.0
0.0
120
55.6
344
0.0
0.0
0.0
0.0
0.0
0.0
0.0
0.0
0.0
4.6
0.0
0.0
0.0
0.0
0.0
0.0
146
698.9
0.0
3.2
27.9
18
0.0
62
0.0
0.0
0.0
931
0.0
23.8
9.1
149
1301.0
0.9
0.0
0.0
0.0
30.6
0.0
210.3
7.8
0.0
0.0
578.6
0.0
0.0
48.4
77.6
0.0
0.0
0.0
0.0
29.4
0.0
9
0.0
1511
0.0
0.0
0.0
0.0
0.0
0.0
23.4
0
124.7
7.6
0.0
0.0
16.5
0.0
0.0
2.9
11.4
352.8
15.6
0.0
0.0
29.5
103
0.0
0.0
0.0
1.4
0.0
0.0
103.7
0.0
0.0
532.9
0.0
0.0
306.5
78
369.4
2
0.0
0.0
0.0
0.0
0.0
73.4
0.0
21.0
0.0
188
0.0
8
108.5
0.0
31.2
0.0
42.9
156.6
0.0
0.0
12.2
51.5
0.0
2934.2
0.0
144.1
0.0
22.6
0.2
0.3
0.0
0.0
0.0
0.5
0.0
64.8
119.8
0.0
358
120.9
337
0.0
0.0
0.0
86.9
0.0
0.0
0.0
18.1
0.0
42.7
0.0
0.0
0.0
202.2
98
0.0
288
0.0
0.0
5.6
0.0
0.0
27.8
0.0
0.0
0.0
20.4
0.0
1628.2
1308.7
0.0
4.4
0.0
0.0
43
0.0
0.0
14.0
22.7
142.4
10.7
192.9
0.5
1605.6
0.0
17.7
10.5
0.0
0.0
0.0
0.0
0.0
23.4
254.6
376.3
23.7
0.0
0.0
17.5
13.4
0.0
0.0
111.0
2.3
0.0
10.8
0.0
0.0
4.3
0.0
0.0
0.8
25.4
0
25.9
2.6
0.0
0.0
0.0
115
19.0
32.3
0.0
397
0.0
840.0
133.7
0.2
0.0
13.7
79.2
0.0
0.0
0.0
0.3
0.0
0.0
0.0
0.0
0.0
0.0
3.6
0.0
6.6
3.0
0.0
40
0.0
0.0
0.0
0.0
164
3.5
0.0
15.7
0.0
0.0
0.0
0.0
0.0
0.0
0.0
36
101.1
0.0
0.0
0.0
9
663.8
0.0
207.3
0.0
0.0
0.0
0.0
1700
0.0
120
0.0
197.8
0.0
0.0
112.6
3.1
0.0
992.9
0.0
0.0
658
1073.5
792.6
0.0
0.0
0.0
2002.5
0.0
0.0
0.0
350.3
0.0
0.0
1092.5
48.7
157.2
0.0
0.0
0.0
323.7
0.0
0.0
0.0
0.0
925.5
0.0
0.0
66.8
7.4
0.0
2265.1
643.1
3.3
0.0
0.0
115.4
23.6
5.7
240.2
119.4
1401.4
123.7
12.1
10.4
0.0
0.0
0.0
0.0
0.0
0.0
0.0
0.0
0.0
3.4
0.0
82.9
0.0
316.3
0.0
0.0
12
0.6
0.0
0.0
0.0
0.0
0.0
26.1
0.0
0.0
0.0
531.3
0.0
79.1
0.0
0.0
0.0
3.2
0.0
0.0
68.5
0.0
0.0
88.0
0.0
0.0
50.7
182.5
2033.0
0.0
75.0
0.0
8
0.0
0.0
1361
417
0.0
0.0
45.2
25.2
1.8
0.0
0.0
0.0
0.0
0.0
0.0
0.0
543.5
0.0
290.2
154.3
0.0
0.0
0.0
194.4
0.0
95.7
7.7
0.0
0.0
0.0
0.0
20.9
660.5
0.0
0.0
0.0
0.0
0.0
1535
380.6
48.7
536.7
2.7
0.0
136.3
0.8
4.4
3.5
0.0
2.1
0.0
1.7
408
699
0.0
51.1
0.0
117.8
38
0.0
0.0
0.0
1.0
78.7
0.0
0.0
129.5
0.0
1234
622.8
17.4
0.0
14.8
2.8
0.0
0.7
0.5
0.1
3.0
0.0
0.0
29
0.0
0.0
0.0
170
0.0
0.0
0.0
29.5
0.0
0.0
0.0
0.0
0.0
0.0
112.2
172.3
0.0
0.0
0.0
0.0
5.6
0.0
378
417
2532.8
0.0
969
489
0.0
7
280
417
0.0
1.6
24.7
0.0
4.0
179
45
414.4
30.2
0.0
0.0
47
64.9
0.8
5.7
0.0
5.5.5
0.0
0.0
105
0.0
473
370
1.9
27
0.0
78
0.0
0.0
0.0
0.0
185.9
4.0
0.0
0.0
0.0
0.0
33
5
0.0
0.0
600
0.0
15
27
0.0
0.0
0.8
0.0
33
0.0
213
27
68
0.0
0.0
85
6.7
0.0
2.3
0.0
21
0
0.0
40
33
316
0.0
0.0
0.0
0.0
0.0
0.0
0.0
0.0
67.3
0.2
0.0
140
0.0
0.7
479
7.4
25
0.0
0.0
2.4
35.6
124.7
0.0
0.0
125
6.1
208.3
0.0
0.0
1
56
48.2
107.4
0.0
0.0
260.5
0.0
0.0
0.0
0.0
36
512.3
0.0
0.0
0.0
0.0
0.0
0.0
0.0
0.0
0.0
327
166.7
0.0
773
0.0
0.0
0.0
0.0
0.0
0.0
22.8
8.0
2321.0
58.3
0.0
0.0
0.0
0.0
0.0
0.0
102.3
0
17.1
94.3
98.9
0.0
9
162.7
1.3
527.8
0
5.3
0.0
5.2
0.0
7.9
12.3
9
0
0.0
0.0
0.0
0.0
0
183
0.0
0.0
0.0
346
0.0
324
0.0
0.0
295
0.0
271
238
3.5
0
1330
0.0
0
0.0
0.0
0.0
0.0
0.0
0.0
0.0
0.0
0.0
0.0
0.0
0.0
504.3
1749.4
0.0
0.0
488
200
0.0
525.0
185.5
6.4
238.7
271.3
16.6
0.0
50.1
12.3
1698.1
192
0.0
220
0.0
0.0
0.0
0.0
0.0
0.0
0.0
659.2
19.3
0.0
0.0
3.6
1760.1
0.0
172
158.9
0.0
14
0.0
0.0
0.0
0.0
0.0
21.9
266.5
566.5
1.2
0.0
0.0
0.0
0
0.0
0.0
88
0
13
192
152
0.0
0.0
0.0
48
0.0
0.0
0.0
16.6
320.5
427.9
0.0
23.2
0.0
6.0
0.0
0.0
117
0.0
0.0
213.9
9.6
0
0
0.0
0.0
0.0
4.4
43.9
0.0
131.6
0.0
231.0
0.0
0.0
111.0
0.0
25.0
0.0
0.0
0.0
0.0
30
1.2
769.3
1206.4
17
0.8
0.0
281.3
0.0
0.0
463
0.0
0.0
0.0
0.0
249
0.0
20.2
61.6
396
1177.1
0.0
0.0
343
55.6
0.0
9.5
0.0
0.0
0.0
0.0
34.2
64.8
0.3
36.7
4.8
0.0
0.0
53.5
0.0
16.6
0.0
0.0
0.0
0.0
0.0
10.4
0.0
0.0
0.0
0.0
0.0
20.2
423.0
0.0
0.0
116.7
0.0
3.4
129.6
0.0
0.0
38.7
27.5
0.0
0.0
0.0
0.0
25
1784
0.0
0.0
161.8
73.0
0.0
0.0
0.0
0.0
0.0
0.0
0.0
24.7
0.0
26.2
0.0
0.0
0.0
35
0.0
0.0
1.8
0.0
62
29
130
34.4
70.3
0.0
929.6
96.9
0.0
136.7
523.9
0.0
186.7
300.2
0.0
0.0
70.3
1497.9
0.0
0.0
0.0
0.0
211.2
0.0
1.0
0.0
0.0
0.0
0.0
0.0
0.0
0.0
0.0
0.0
0.0
358
0.0
0.0
0.0
6.2
0.5
0.0
0.0
0.0
0.0
65.2
68
11.2
0.0
0.0
0.0
0.0
0.0
0.2
0.0
0.0
0.0
0.0
0.0
775.9
231
0.0
0.0
299
6.8
0.0
938
0.6
0.0
0.0
0.0
0.0
1.2
0.0
1.4
0.5
0.0
0.0
71.8
67
0.0
0.0
0.0
0.0
0.0
0.0
716
0.0
1.1
0.0
139.3
0.8
2
0.0
0.0
57
0.0
186
0.0
3.2
0.0
217
0.0
0.0
0.0
0.0
0.0
87.1
45.6
29
283.3
0.0
0.0
27.7
10
0.0
588.4
176.2
0.0
0.0
0.0
0.0
0.3
0.0
41.5
0.0
1
0.0
0.0
0.0
0.0
0.0
0.0
0.0
0.6
1.5
0.0
0.0
279
198.7
0.2
0.0
0.0
0.0
33.6
42
0.0
452
11.7
0.0
10
0.0
14.2
0.0
0.0
414
0.0
0.0
5
25
0.0
13.1
0.0
813
1491
60.7
0.0
0.0
0.0
0.0
114
0.0
32.8
0.0
0.0
0.0
253
0.0
0.0
42
47
1.9
101
3.8
2
586
669.6
0.0
233
0.0
22.9
10.4
0.0
0.0
0.0
0.0
0.0
0.0
0.0
43.9
35
164.3
0.0
12
0.0
0.0
0.0
55
0.0
0.0
157.1
1216
0.0
0.0
768
194.4
261
0.0
74.1
0.8
122
0.0
0.0
0.0
0.0
384
0.0
0.0
1109
0.0
81.2
90
0.0
70
0.0
146
1
0.0
0.0
0.0
0.0
0.0
0.0
5.0
0.0
0.0
0.0
0.0
0.0
55
0.0
7.6
0.0
0.1
3.2
1.3
56.1
0.0
555
0.0
0.0
0.0
8.5
0.0
0.0
0.0
0.0
130.7
343
0.0
0.0
0.0
629
2
0.0
0.0
1701
12.2
0.0
33
0.0
0.0
1293
0.0
0.0
0.0
0.0
39
0.0
20.4
208.4
102.8
0.0
0.0
0.0
0.0
0.0
59.0
0.0
4.0
0.0
0.0
0.0
0.0
11.8
10.0
702.3
0.0
470.6
0.0
104.2
17.3
0.0
2.3
3046.5
44.2
38.0
61.6
421.2
0.0
58.1
406.9
1.0
4
37
0.0
41.3
0.0
17.5
138.2
108.5
135
0.0
262
0.0
160.6
0.0
0.0
0.0
0.0
830.5
58.6
5.7
547.8
0.0
15.6
205.3
0.9
0.0
0.0
0.0
0.0
0.0
21
0.0
28.2
0.0
0.0
9.3
0.0
0.0
0.0
77.5
0.0
0.0
290.9
0.0
0.0
79.8
272.7
0.0
7
0.0
64
390.2
17.5
10.5
0.0
336.9
0.0
0.0
49.3
19.8
0.0
5.6
0.0
43.7
0.0
0.0
0.0
0.0
123
0.0
97
0.0
191.0
51
275.4
0.0
0.0
0.0
0.0
14.9
0.0
0.0
0.0
0.0
24.3
0.0
139
0.0
134
0.0
0.0
0.0
437
0.0
0.0
0.0
0.0
0.0
0.0
0.0
0.0
0.0
0.0
518
0.0
0.0
0.0
20.1
0.0
0.0
4
0.0
0.0
0.0
0.0
25.5
0.0
0.0
67.2
0.0
0.0
0.0
0.0
0.0
12.9
8
20.3
0.0
43
0.8
0.0
20.1
0.0
5.9
0.0
90.7
438
0.0
0.0
465
0.0
11
4
18
182
1.0
890.1
1414
504
295
0.0
0.0
0.0
0.0
0.0
82
0.0
0.2
0.0
0.0
598.7
0.0
60
0.0
0.0
93.5
0.0
0.0
13.5
0.0
74
118
128
731
0.0
443
0.0
0.0
170
0.0
0.0
0.0
21
0.0
0.0
63.8
0.0
0.0
0.0
0.0
3.2
0.0
0.0
31.6
0.0
0.0
591
0.0
145.1
186.8
0.0
0.0
4.6
0.0
1695
1.1
258.5
0.0
9.9
0.0
0.0
0.0
0.0
0.0
0.0
0.6
0.0
0.0
0.0
169
53.7
256
0.0
334
0.0
0.0
0.0
199
13
151
0.0
0.0
0.0
6
0.0
0.0
26
170
0.0
24
50.3
0.0
0.0
548.3
71
0.0
2.4
0.0
0.0
0.0
59.8
165.4
0.0
180.6
12.2
370.8
0.0
5.9
21.3
0.0
76
7.4
0.0
0.0
0.0
0.2
0.0
0.0
0.0
314.6
183.4
0.0
0.0
2.8
0.0
0.0
0.0
0.0
0.0
81
0.0
494.8
0.0
0.0
0.0
0.0
134.7
321.5
144.5
0.0
4.0
0.0
0.0
0.0
0.0
0.0
245.6
16.8
3.3
0.0
32.0
0.0
0.0
0.0
0.0
0.0
5.6
0.0
0
0.0
4.1
0.0
51.5
0.0
0.0
0.0
0.0
49.7
52.6
0.0
0.0
0.0
743.6
0.0
115
0.0
50
15
0.0
0.0
0
0
143
32
0
0.0
6.3
0.0
407.4
0.0
0.0
118
0.0
0.0
0.0
47.6
388
33.5
0.0
0.0
69.1
0.0
59
0.0
0.0
0.0
187.1
130.6
729.3
0.0
0.0
0.0
7.5
623.8
48.3
53.7
0.0
1.3
6.4
1000.4
7.6
0.0
0.0
0.0
0.0
25.6
0.0
0.0
29.7
0.0
0.0
0.0
17.9
132.5
0.0
545
0.0
308.3
1094
61.5
91.2
0.0
0.0
0.0
0.0
0.0
0.0
0.0
0.0
0.0
0.0
142.5
0.0
619.3
0.0
0.0
166.4
257
13.3
36.9
0.0
0.0
0.0
0.0
0.0
0.0
0.0
0.0
191.5
16.1
0.0
53.1
0.0
0.0
0.0
0.0
0.0
296.6
0.0
45.7
0.0
63.5
0.0
160
931.6
798.2
463.3
1.4
0.0
612.6
491
0.0
0.0
0.0
0.0
0.0
167.8
123.1
0.0
0.0
0
693
0.0
0.0
61.8
0.0
0.0
0.0
401.6
0.0
4
0.0
0.0
0.0
68
1.0
0.0
0.0
0.0
16
0.0
0.0
1015
686
61
0.0
0.0
287.9
0.0
0.0
2.3
0.0
0.0
0.0
0.0
0.0
597.5
6.7
0.0
53.2
0.0
0.0
0.0
0.0
36.9
20.7
0.0
5530.7
395
1.4
3.4
0.0
0.0
0.0
0.0
433
0.0
0.0
0.0
0.0
0.0
21.1
1560.1
0.0
0.0
0.0
0.0
91.6
2.7
410
0.0
69.2
390
6.3
0.0
0.0
0.0
0.0
317
108
0.0
17.1
0.0
62
0.0
0.0
5.8
0.0
20.2
1185
0.0
325
0.0
75.5
0.0
82.8
0.0
0.0
0.0
98.8
0.0
0.0
121
57
39
0.0
38
0.0
0.0
0.0
91
0.0
0.0
0.0
625
0.0
0.0
0.0
0.0
0.0
0.0
0.0
0.0
3.1
0.0
0.0
0.0
35.7
132.7
16.8
585
0.0
0.0
685
601
0.0
0.0
0.0
655
0.0
0.0
164
6
0.0
0.0
0.0
0.0
46
107
0.0
0.0
0.0
0.0
281
172
85
1.6
0.0
0.0
15.3
0.0
6.9
0.0
121
0.0
0.0
0.0
0.0
0.0
0.0
0.0
0.0
0.0
0.0
0.0
508.7
0.0
23
565
0.0
0.0
0.0
0.0
567
0.0
0.0
0.0
20.3
11
0.0
0.0
0.0
0.0
0.0
0.0
867
0.6
277
0.0
0.0
35
303
0.0
0.0
0.0
677
0.0
0.0
0.0
0.0
0.0
0.0
67.5
0.0
0.0
0.0
0.0
0.0
2748
60.5
0.0
13.9
0.0
48.9
0.0
332
0.0
0.0
2.4
0.0
0.0
0.0
0.0
0.0
1
0.0
0.0
2.1
0.0
0.0
0.0
0.0
0.0
0.0
449
11
0.0
0.0
0.0
57.5
0.1
233.6
0.5
260
198.1
556
0.0
0.0
0.0
0.0
57
0.0
0.0
970
0.0
0.0
232
171
0.0
502
0.0
0.4
0.0
0.0
281.5
0.0
110.5
0.0
0.0
0.0
0
46
0.0
0.0
0.0
511
4
44
0.0
1119
96
0.0
982
0.0
0.0
140
0.0
18
792
0.0
124.7
0.0
54.9
0.0
0.0
71
215
234
0.0
0.0
0.0
0.0
0.0
0.0
0.0
63.7
0.2
0.0
0.0
0.0
0.0
397.4
176
0.0
0.0
0.0
0.0
2
0.0
0.0
356
0.0
0.0
0.0
111
0.0
0.0
128
0.0
0.0
0.0
0.0
0.0
0.0
6
0.0
2.7
0.0
0.0
98.5
0.0
0.0
0.0
0.0
498
0.0
866
95.5
311
0.0
0.0
31
0.0
0.0
3291
0.0
61.4
0.0
0.0
0.0
0.0
0.6
0.0
0.0
0.0
2978.5
14
52
0.0
0.0
0.0
0.0
0.0
0.0
0.0
0.0
0.0
0.0
9
0.0
56.9
3048
0.0
0.0
68.5
0.0
0.0
0.0
9.6
139
0.0
95
0.0
0.0
17
0.0
0.0
0.0
0.0
367.1
314
0.0
59
0.0
0.0
48
0.0
219
210
0.0
0.0
183
162
0.0
0.0
0.0
0.0
0.0
24.6
590
160.8
0.0
0.0
16
0.0
0.0
0.0
0.0
0.0
0.0
0.0
0.0
0.0
1255
11.9
4.7
0.0
94
41
0.0
0.0
0.0
89
0.0
7
0.0
0.0
27.6
266
0.0
182
119
138
0.0
915
0.0
22
0.0
2.4
0.0
3.8
649
0.0
0.0
0.0
0.0
54
78
0.0
0.0
0.0
0.0
0.0
0.0
66
0.0
0.0
6.8
46
0.0
0.0
0.0
5
390
2.8
488
0.4
489
149
0.0
2246
0.0
0.0
0.0
161
0.0
0.0
212.5
0.0
0.0
110
0.0
277.3
0.0
90
0.0
0.0
0.0
0.0
181
138
0.0
0.0
0.0
0.0
0.0
0.0
377
0.0
0.0
0.0
0.0
2.3
225.6
54.3
0.0
0.0
0.0
0.0
955
0.0
0.0
0.0
0.0
0.0
141
0.0
51
0.0
0.0
0.0
0.0
0.0
0.0
0.0
32.7
48
510
35
0.0
17
0.0
0.0
127.7
45
539.4
3
2230
0.0
93
4.0
0.0
0.0
0.0
774.5
0.0
0.0
53
0.0
0.0
0.0
195.3
0.0
3.1
0.0
201
0.0
0.0
0.0
0.0
0.0
0.0
106.3
207.5
0.0
206
0.0
237.8
0.0
592.0
361
0.0
0.0
17
424
0.0
85
0.0
0.0
356
127
32
0.0
0.0
0.0
200
0.0
87
31
103
0.0
0.0
3
0.0
208
0.0
0.0
0.0
358.4
0.0
0.0
0.0
0.0
0.0
0.0
14.0
0.0
0.0
0.0
0.0
1.0
0.0
200
0.0
45
0.0
0.0
0.0
20.3
0.0
672.2
0.0
0.0
0.0
0.0
560
0.0
394
4.8
0.0
0.0
0.0
0.0
276
535.4
0.0
3.1
0.0
84
0.0
0.0
0.0
0.0
0.0
0.0
0.0
0.0
8.2
0.0
4.8
0.0
0.0
0.0
0.0
0.0
0.0
0.0
0.0
0.0
59
8
0.0
191.8
0.0
0.0
7
0.0
0.0
62
0.0
0.0
0.0
2505
0.0
0.0
0.0
0.0
303.4
0.0
0.0
0.0
0.0
0.0
0.0
0.0
0.0
64
0.0
0.0
8.9
203.7
0.0
0.9
368.4
2218.5
0.0
0.0
0.0
97.8
0.0
359
28
139.3
0.0
200
0.0
0.0
0.0
0.0
0.0
0.0
2
0.0
280
75
0.0
27.7
9.1
0.0
0.0
0.0
0.0
200.2
1262
0.0
47.6
0.0
193.3
0.0
35
0.0
0
29
0.0
0.0
0.0
0.0
0.0
44
0.0
133
0.0
0.0
104.4
0.0
0.0
0.0
0.0
0.0
1.7
0.0
0.0
0.0
0.0
0.0
45.4
365.5
3.3
94.9
0.0
0.0
0.0
0.0
140.9
0.0
0.5
250
0.0
0.0
0.0
78.5
0.9
68.7
0.0
12.6
0.0
0.0
0.0
0.0
0.0
0.0
0.0
141
0.0
0.0
20.6
945.7
36
0.0
0.0
0.0
0.0
0.0
26.9
274
0.0
719.1
0.0
1739.2
0.0
1584
4
0.0
0.0
123
518.7
227.7
0.0
144.6
4.2
0.0
0.0
0.0
0.0
55
416
92
0.0
20
0.0
108
25
0.0
0.0
0.0
0.0
5.7
0.0
578
0.0
0.0
55
0.0
448.1
33.6
0.0
0.0
126
0.0
28
0.0
0.0
0.0
72
0.0
0.0
0.0
0.0
152
0.0
505
9.9
0.7
0.0
0.0
0.0
0.0
0.0
0.0
0.0
22
14.8
649
171.8
0.0
0.0
0.0
5.9
0.0
434
0.0
0.0
0.0
0.0
0.0
353
0.0
0.0
11.5
0.0
318
11
0.0
107
0.0
0
17.2
1.0
0.0
0.0
110.4
0.0
0.0
0.0
0.0
0.0
204
1477
169
29
0.0
0.9
0.0
592
24
0.0
0.0
75
0.0
2333
3
0.0
0.0
39
0
0.0
0.0
3.6
0.0
0.0
35.7
0.0
0.0
42.2
0.0
0.0
0.0
355
0.0
1803
0.0
0.0
1141
0.0
0.0
0.0
475
0.0
0.0
170
0.0
790.5
155.4
0.0
0.0
0.0
0.0
237
0.0
0.0
404.2
0.0
0.0
0.0
224.6
0.0
93
0.0
0.0
0.0
21
0.0
25
0.0
1151
27
0.0
0.0
0.0
0.0
0.0
0.0
0.0
0.0
0.0
0.0
0.0
93
0.0
0.0
146
0.0
0.0
0.0
0.0
0.0
837
515
31
0
77
0.0
0.0
184
418
144
1007
0.0
0.0
0.0
145
0.0
0.0
0.0
0.0
0.0
50
0.0
0.0
155
0.0
34
43.5
0.0
13
270
66
0.0
0.0
0.0
0.0
0.0
0.0
21
1278
18
22
0.0
0.0
82
131
0.0
0.0
0.0
209
0.0
0.0
0.0
0.0
18
139
0.0
0.0
0.0
0.0
5.7
28
0.8
0.0
5.5
86.8
0.0
0.0
54
1248
93
0.0
0.0
159.3
0.0
0.0
171
0.0
1628.4
0.0
4
0.0
32.9
100.4
0.0
0.0
141
159
446
15.4
2.2
0.0
141.1
0.0
24.3
1318
0.0
0.0
73
40.8
0.0
29
10
7
7
20.4
0.0
0.0
637.3
0.0
41.3
6.0
21.2
0.0
0.0
1529.0
165.6
0.0
0.0
0.0
0.0
0.0
0.0
1070
0.0
0.0
0.0
0.0
327
27
0.0
7.5
0.0
0.0
0.4
0.0
0.0
0.0
65
0.0
0.0
132
7
624
0.0
6
0.0
1124
118
0.0
0.0
257.6
0.0
0.0
143
0.0
0.0
354
0.0
0.0
16
0.0
38.8
127.2
6.0
0.0
0.0
0.0
0.0
0.0
0.0
0.0
0.0
7
0.0
0.7
0.0
0.0
0.9
0.0
0.0
0.0
0.0
0.0
355
0.0
90.6
0.0
17
0.0
19
0.0
0.0
0.0
0.0
0.0
25
0.0
0.0
0.0
0.0
592
0.0
50
0.0
0.0
0.0
56
24.6
0.0
0.0
0.0
0.0
273
0.0
0.0
0.0
4
0.0
0.0
0.0
93.6
0.0
0.0
0.0
0.0
29.5
0.0
0.0
0.0
27
88
6
0.0
181
0.0
77
0.0
0.0
0.0
0.0
0.0
44
0.0
0.0
0.0
0.0
0.0
0.0
0.0
2.7
0.0
0.0
0.0
5.8
0.0
26.6
0.0
0.0
0.0
7.3
0.0
0.0
71
659
0.0
0.0
0.0
7
0.0
0.0
0.0
0.0
0.0
93
0.0
67
0.0
0.0
0.0
1577
0.0
15
0.0
0.0
8
0.0
0.0
0.0
0.0
0.4
24
0.0
0.0
0.0
78
0.0
0.0
0.0
0.0
326
61
0.0
29
0.0
0.0
540.8
0.0
59.5
1023
0.0
90
22
0.0
725
23
0.0
240
71
179
0.0
0.0
22
32
0.0
0.0
281
47.1
0.0
0.0
61
9
0.0
195
0.0
0.0
62.8
164
348
0.0

0.0
0.0
0.0
0.0
0.0
0.0
168.6
0.0
0.0
0.0
697
0.0
0.0
0.0
0.0
0.0
0.0
305
0.3
1707
0.0
0.0
2.1
0.0
0.0
0.0
176
7.9
0.0
0.0
9.5
0.0
17
60
0.0
0.0
204
0.0
0.0
82
0.0
0.0
0.0
0
0.0
0.0
0.0
0.0
20
0.0
0.0
59
151
1623
0.0
0.0
1842
0.0
0.0
0.0
0.0
72
13
0.0
0.0
23
0.0
0.0
0.0
0.0
0.0
0.0
0.0
0.0
0.0
40
0.0
18
0.0
108
0.0
0.0
62
0.0
0.0
900
193
0.0
0.0
3
1565
0.4
0.0
0.0
0.0
0.0
134
0.4
0.0
334
38
0.0
0.0
0
0
0.0
0.6
38
0.0
254
0.0
0.0
0
0.0
0.0
28
2318
0.0
0.0
0.0
0.0
0.0
38
0.0
0.0
4
0.0
44
0.0
0.0
19
0.0
0.0
200
49
0.0
7
522
0.0
264
0.0
4.5
0.0
0.0
44
0.2
0.0
167
58
0.0
0.0
66
87
8
0.0
0.0
25
0.0
32.9
0.0
0.0
0.0
6
248
0.0
0.0
0.0
0.0
69
0.0
20
73.8
0.0
0.0
245
0.0
0.0
0.0
29
2.7
111
10
979
228
0.0
0.0
43
0.0
0.0
4.1
504.5
310.9
0.0
240.4
0.0
3.1
0.0
0.0
0.0
496.0
395.5
0.0
0.0
0.0
0.0
632
112
0.0
5
0.0
38
15
0.0
0.0
0.0
6
11.2
90
124
0.0
30.2
0.0
0.0
229
0.9
12.2
0.0
0.0
0.0
0.0
0.0
0.0
0.0
0.0
1.4
0.0
950
539
0.0
613
0.0
36
172
2
243
0.0
0.0
222
11.6
293
0.0
644
936
96
0.0
1.4
0.0
0.0
0.0
0.0
108
0.0
0.0
0.0
136
0.0
0.0
126
0.9
749
0.0
64
1825
0.0
0.0
0.0
0.0
0.0
0.0
3558
0.0
265
0.0
0.0
0.0
0.0
0.0
0.0
0
112
2.7
176
63
0.0
119
50
0.0
0.0
0.0
50.2
0.0
0.0
125
6.6
122
948
0.0
297
0.0
2.9
1886.4
0.0
301.4
0.0
0.0
0.0
159.9
116.4
24.7
0.0
0.0
0.0
0.0
0.0
0.0
72
34
0.0
0
25
751.9
141.1
0.0
10.7
0.0
0.0
0.0
2719.4
171.4
0.0
75
0.0
164.1
391
0.0
0.0
0.0
98
0.0
0.0
0.0
269
98
0.0
335
957
31.0
0.5
0.0
0.0
58
0.0
0.0
0.0
0.0
0.0
15
0.0
515
0
0.0
29.7
0.0
295
797
0.0
33
0.0
0.0
0.0
111.1
155
0.0
1458
12
19
32
191
0.0
0.0
0.0
0.0
0.0
6
0.0
29.7
0.0
0.0
0.0
122
545
0.0
1
0.0
287.6
0.0
0.0
868
0.0
0.0
0.0
0.0
275
0.0
0.0
0.0
170
0.0
0.0
0.0
96
0.0
0.0
0.0
75.6
160
71
31
0.0
303
0.0
0.0
0.0
0.0
0.0
0.0
0.0
769
92
0.0
45
0.0
0.0
0
130
13
389
0.0
0.0
0.0
0.0
1.8
470.8
0
0.0
0.0
0.0
89.7
0.0
0.0
24
17.4
0.0
113
0.0
544.3
15.6
10
0.0
220
0.0
196
615
0.0
97
78
0.0
0
53
0.0
183.1
14
130
52
196
0.0
0.0
0.0
0.0
0.0
14
9.7
87
0.0
157
0.0
0.0
199
0.0
77
240
55
0.0
0.0
3
0.0
0.0
0.0
53.2
0.0
0.0
0.0
0.0
0.0
0.0
0.0
0.0
0.0
88.6
0.0
0.0
35.7
98.7
0.3
0.0
0.0
0.0
258
0.0
33.8
0.0
0.0
0.0
0.0
0.0
52
146.3
0.0
20
1.1
0.0
0.0
11
147
299
620
0
0.0
326
0.0
0.0
0.0
0.1
462
16.2
13.8
0.0
0.0
0.0
7.8
0.0
1295
91
0.0
0.0
0.9
0.0
0.0
0.0
5.3
0.0
72
1785
2060
0.0
0.0
310
548
176
0.0
0.0
0.0
66
433
0.0
0.0
39
0.0
0.0
406
116
448.6
966
410.4
0.0
0.0
0.0
0.4
0.0
0.2
0.0
0.0
0.0
0.0
0.0
0.0
541
115
0.0
0.0
1
5.4
288
249
0.0
0.0
0.0
0.0
759
0.0
0.0
16
0.0
0.0
0.0
0.0
0.0
5.0
441.2
0.0
0.0
0.0
0.0
0.0
1895.9
0.0
169
0.0
202.9
5
0.0
16.8
0.0
398.3
6.8
99.2
0.0
0.0
11.3
0.0
0.0
974.5
1.7
0.0
0.0
0.0
1235
0.0
16
4.3
0.0
235
0.0
71.4
0.0
0.0
136
25.7
0.0
0.0
0.0
16
0.0
0.0
181
0.0
187.2
98
0.0
0.0
0.0
0.0
1667.6
0.0
12.8
0.0
0.0
0.0
0.0
0.0
38.7
68
0.0
0.0
38.2
0.0
0.0
0
692
0.0
0.0
0.0
0.0
0.0
144
391.9
0.0
7.1
448.2
0.0
0.0
0.0
0.0
0.0
0.0
0.0
599.6
0.0
0.0
0.0
0.0
0.0
0.0
17.5
0.0
392.2
0.0
0.0
0.0
0.0
86.1
3
0.0
0.0
0.0
0.0
0.0
0.0
0.0
907.2
0.0
0.0
0.0
88.5
2.8
0.0
0.0
0.0
0.0
120.8
45.5
14.8
0.0
0.0
0.0
0.0
0.0
0.0
0.0
0.0
258.7
7.9
0.0
0.0
240
28.6
0.0
0.2
231.8
0.0
0.0
469.3
85.7
0.0
0.0
0.0
0.0
0.0
0.0
156
881
0.0
28
0.0
0.0
0.0
0.0
0.0
0.0
0.0
131.7
0.0
0.0
0.0
728.8
1731
0.0
6.3
63.6
0.0
39
43.7
51
0.0
0.0
0.0
0.0
0.0
0.0
0.0
31.6
977
112.8
735.1
0.9
1856
298.8
416.7
478.4
0.0
0.0
0.0
0.0
0.0
18
0.0
0.0
80.6
153
0.0
2.7
87
0.0
33.2
0.0
0.0
0.0
12.4
598.7
0.0
0.0
173.2
416.3
0.0
0.0
0.0
0.0
0.0
9.1
18.5
0.0
3
0.0
59.7
0.0
0.0
11
0.0
163
0154.9
0.0
191
0.0
45
0.0
0.0
0.0
0.0
0.0
0.0
0.0
0.0
0.0
0.0
0.0
0.0
36.4
0.0
159.6
0
0.0
0.0
0.3
0.0
134
0.0
0.0
0.3
0.0
0.0
32
10.1
71.7
0.0
0.0
0.0
0.0
0.0
0.0
0.0
77.8
0.0
32.5
0.0
0.0
0.0
30.9
0.0
0.0
0.0
176.9
0.0
19.2
83
0.0
85
0.0
0
117
115
0
0.0
37.6
0.0
18.4
164
0.0
0.0
0.0
78
23
603
18.4
6
0.0
0.0
6
0.0
0.0
1827
0.0
0.0
0.0
0.0
155.5
0.0
13.9
0.0
0.0
104
16.7
207
0.0
0.0
0.0
0.0
45
31
0.0
3.3
329
0.0
0.0
1.5
0.0
0.0
0.0
4.4
7.9
296.5
0.0
0.0
0.0
0.0
66.7
0.0
0.0
0.0
0.0
775
0.0
0.0
31.3
0.0
0.0
0.0
32.5
0
57.2
0
67545
203.9
0
0
4.5
243
107.9
0.0
355
54.8
0.0
0.0
0.0
0.0
530
429.0
0.0
262
0.0
0.0
0.0
0.0
36
1246.8
187.3
296
1.1
0.0
1252
0.0
967.5
0.0
0.0
82
0.0
0.0
0.0
346.7
0.0
9.6
0.0
0.0
0.0
0.0
0.0
41
84.2
0.0
0.0
27.9
0.0
0.0
0.0
2040
18
0.0
0.0
0.0
141.6
163.8
189.2
0.0
0.0
0.0
1956.9
0.0
0.0
0.0
0.0
0.0
0.0
0.0
0.0
84.2
0.0
0.0
0.0
0.0
0.0
87.8
0.0
20.5
0.0
0.0
50.4
1
0.6
2.3
0.6
0.0
0.0
0.0
0.0
19
0.0
0.0
0
48
222.5
1173
0.0
0.0
458.2
0.0
188.3
0.0
330.3
0.0
0.0
0.0
4.1
0.0
0.0
1382.1
0
0
0
48.2
110.2
33
41.2
676
0.0
0.0
0.0
113.4
418.2
0.0
67.9
107.9
35
0.0
61
0.0
590
0.0
117.2
0.0
29
0.0
0.0
0.0
0.0
5.1
0.0
0.0
0.0
264
0.0
0.0
0.0
0.0
0.0
32.1
0.0
0.0
578
0.0
105.5
0.0
213.5
0.0
0.0
0.0
790.1
0.0
0.0
44
0.0
0.0
2479.6
3.4
0.2
189
0.0
590
0.0
0.0
4
19
15
807
0.0
2729
133
0.0
13
57
0.0
0.0
5.4
0
45
135
0.0
1418
0.0
0.0
0.0
0.0
0.0
0.0
0.0
417
141.4
1142.9
0.0
0.0
0.0
880
0.0
0.0
212.4
0.0
0.0
0.0
0.0
0.0
12.5
146
40.8
0.0
0.0
0.0
0.0
0.0
24.7
65
0.0
0.0
0.0
89.5
201.1
0.0
6.4
1141
0.0
1252.6
0.0
0.0
35
362
136
8.1
302
0.0
0.0
54.7
3.5
0.0
0.0
0.0
0.0
0.0
0.0
908
559.3
4.0
0.0
99
0.9
0.0
0.0
35
0.0
0.0
0.0
0.0
0.0
0.0
0.0
0.0
9
7
51
0.0
0.0
0.0
0.0
0.0
0.0
15.1
245
0.0
58
0.0
106
0.0
174
0.0
792
0.0
0.0
0.0
0.0
1225.4
89.5
0.0
843.1
31
930
23.9
12
0.0
0.0
49
0.0
0.0
0.0
0.0
42
131
8
124
0.0
1
134
0.0
29
50
0.0
0.0
11
52.8
0.0
0.0
0.0
0.0
0.0
0.0
91.7
6.3
0.0
269.1
0.0
0.0
0.0
36.9
0.0
0.0
30
0.0
300
0.0
0.0
0.0
1
317
0.0
0.0
0.0
1
0.0
7
0.0
40.0
359
0.0
30.0
0.0
0.0
160
0.0
0.0
7
0.0
0.0
59
0.0
0.0
282
132
0.0
0.0
0.0
0.0
0.0
39
0.0
370
84.0
0.0
75.2
1.4
256
0.0
0.0
0.0
0.0
0.0
0.0
6.6
30
0.0
12.8
220
0.0
0.0
18
111
0.0
0.0
0.0
0.0
0.0
5.5
0.6
8
0.0
6
0.0
0.0
0.0
0.0
113
0.0
0.0
0.0
0.0
0.0
7.7
13
0.0
129
138.1
191
6
0.0
0.0
192
0.0
0.0
0.0
0.0
0.0
0.0
0.0
0.0
0.0
182
0.0
0.0
0.0
129
422
0.0
0.0
0.0
81
16
8
220
307
0.0
0.0
0.0
109
0.0
14
0.0
0.0
0.0
2
16
0.0
42
0.0
33.1
315
0.0
57
0.0
1.2
369
1.4
7.2
0.0
0.0
1.2
0.0
0.0
0.0
0.0
0.0
9.1
0.0
3.5
26.4
0.0
81.1
0.0
209
1721
0.0
276
0.0
65
7
93
50
0.0
0.0
0.0
0.0
0.0
0.0
0.0
0.0
5
0.0
0.0
0.0
0.0
0.0
0.0
0.0
0.0
0.0
719.8
38.5
0.0
0.0
0.0
0.0
342
0.0
34
316
0.0
1515
155
0.0
0
87
0.0
10
10.6
0.0
0.0
0.0
85
374
0.0
35
0.0
0.0
0.0
0.0
0.0
0.0
0.0
0.0
0.0
0.0
0.0
0
0.0
1
0.0
0.0
0.0
0.0
0.0
76.9
3
0.0
69.5
599.4
0.0
16
61.0
0.0
0.0
71.8
0.0
0.0
404
40
0.0
0.0
190
0.0
0.0
582
37
0.0
0.0
0.0
0.0
0.0
346
0.0
287
93
3296
0.0
9.7
0.0
11
0.0
0.0
0.0
413
12
0.0
0.0
273
15
0.0
152.4
0.0
0.0
0.0
0.0
0.0
0.0
0.0
0.0
0.0
34
181
372
0.0
23
0.0
0.0
740
1.2
0.0
0.0
3
0.0
0.0
0.0
0.0
0.0
0.0
0.0
0.0
110
11.9
0.0
8.7
7
0.0
0.0
0.0
1
0.0
0.0
0.0
0.0
0.0
0.0
0.0
13.4
0.0
15
0.0
131
176
32
0.0
0.0
0.0
241
0
0.0
0.0
0.0
0.0
0.0
0.0
60
0.0
1115.1
795.1
40.4
0.0
0.0
0.0
6
88.6
0.0
1214
83
243
0.0
0.0
0.0
28
65
282
0.0
12
0.0
0.0
492
0.0
0.0
0.0
305
0.0
15
0
0
0.0
2368
0.0
0.0
0
1613
0.0
0.0
24
0.0
0.0
0.0
15.6
0.0
0.0
0.0
0.0
0.0
0.0
0.0
0.0
19
0.0
0.0
0.0
24
6
0.0
0.0
0.0
203
0.0
132
0.0
12.7
0.0
0.0
14
0.0
17
55
53
0.0
0.0
0.0
5.7
0.0
84
3
0.0
0.0
0.0
0.0
0.0
0.0
0.0
0.0
0.0
30.4
479
712
0.0
14
295
0.0
54
0.0
0.0
34
0.0
0.0
0.0
0.0
0.0
92
0.0
5
0.0
10.0
142
585.4
0.0
0.0
0.0
19.3
1067.3
132.8
0.0
0.0
864
176.2
538
6
5.4
0.0
47.9

853
0.0
0.0
117
0.0
24.2
0.0
0.0
0.0
0.0
0.0
10
0.0
0.0
0.0
0.0
7
214
0.0
0.0
0.0
0.0
0.0
2904
0.0
269
274
148.4
289
25
0.0
85.6
0.0
12.9
0.0
0.0
0.0
0.0
798.5
0.0
0.0
34.5
0.0
0.0
0.0
0.0
0.0
0.0
4
1024
0.0
13
0.0
498
0.0
0.0
0.0
0.0
78
0.0
0.0
3.6
0.0
0.0
0.0
0.4
0
247
0.0
24.5
0.0
0.0
0.0
32
0.0
229
0.0
0.0
0.0
395
297.5
0.0
0.0
0.0
0.0
0.0
8
0.0
0.0
0.0
0.0
0.0
0.0
342
0.0
0.0
0.0
0.0
1195
0.0
6
91
0.0
0.0
0.4
14.2
0.0
0.0
0.0
0.0
128
169
0.0
302
0.0
102
0.0
0.0
0.0
0.0
0.0
0.0
0.0
14.2
85
0.0
0.0
91
0.0
608
0.0
1912
0.0
0.0
542.6
0.0
82
0.0
0.0
0.0
47
0.0
0.0
0.0
0.0
14.1
0.0
0.0
0.0
0.0
0.0
0.0
0.0
0.0
0.0
0.0
0.0
0.0
0.0
95.6
4.1
0
517
343.4
0
0
0.0
0.1
0
248
0.0
7.9
0.0
0.0
0.0
0.0
12.5
0.0
0
0
121
105
0.0
0.0
0.0
0
0.4
90
0.0
12.4
0.0
173.5
8.6
0.0
653.5
0.0
176.6
48.9
66.7
0.0
0.0
0.0
0.0
21.5
0.0
0.0
0.0
0.0
0.0
420.7
0.0
194.9
0.0
0.0
0.0
0.0
141.7
0.0
0.0
0.0
136
0.0
0.0
0.0
0.0
0.0
143.9
50.7
21.8
242.4
0.0
0.0
123.6
0.0
9.6
527.4
107.8
8.6
5
0.0
0.0
131.2
0.0
93
0.0
0.0
0.0
0.0
0.0
460
1989
5.9
28
1762
148
11
0.0
413
0.0
763.5
1
65
0.0
0.0
0.0
8
10
45
0.0
0.0
0.3
139
0.0
0.0
0.0
0.0
0.0
0.0
3231.5
0.0
4.3
97.0
0.0
0.0
0.0
0.0
0.0
0.0
0.0
9.5
0.0
0.0
1371.7
0.0
0.0
3.4
543
0.0
0.0
0.0
0.0
129.1
0.0
0.6
10.8
272
155.0
105.7
0.0
0.0
1.1
0.0
928.9
125.2
17
0.0
0.0
352.8
0.0
0.6
138.2
368.0
0.0
0.0
0.0
109.8
71.5
0.0
190.6
253.5
209.8
0.0
0.0
22.1
0.0
0.0
248.0
0.0
10.4
0.0
2.7
0.0
0.0
0.0
0.0
0.0
1.2
0.0
949
104
18
119
911
0.0
2.8
2574
0.0
5
0.0
11.9
141
142
0.0
0.0
0.0
0.0
0.0
0.0
0.0
0.0
196
0.0
0.0
0.0
10.2
0.0
0.0
2.2
0.0
0.0
234
0.0
0.0
30.7
9
25.9
0.0
3
0.0
0.0
0.0
60.3
0.0
0.0
88
0.0
0.0
0.0
0.0
51.7
0.0
108
393
0.0
0.0
82
0.0
0.0
10.7
0.0
32.9
380
51
0.0
0.0
33.4
132
0.0
0.0
57
0.0
0.0
0.0
0.0
35.3
10
8.0
55.6
0.0
0.0
0.4
7.1
93.5
0.0
8.2
1.3
6.3
0.0
0.0
0.0
0.0
399
0.0
30
0.0
2436.7
0.0
88.5
56.5
590
2618.4
70
0.0
0.0
229.2
0.0
0.0
0.0
0.0
25.1
0.0
0.0
60
17.8
60.6
0.0
100.7
0.0
0.0
5.3
0.0
72.6
0.0
4.7
77
44
1.9
0.0
0.0
0.0
0.0
0.0
0.0
0.0
38.0
0
0
0.0
0.0
0.0
83
0.0
0.0
0.0
0.0
46.2
0.0
126
4271
0.0
652
0.0
0.0
79.5
0.0
0.0
0.0
0.0
2.7
47.4
8
0.0
0.0
0.0
0.0
17
0.0
0.0
0.0
0.0
0.0
953.3
0.0
0.0
0.0
0.0
207
0.0
0.0
22
0.0
0.0
0.0
96
0.0
0.0
0.0
1490
0
0.0
45.4
0.0
85.6
0.0
0.0
43
0.0
2.8
42.9
0.0
10
0.0
0.6
0.0
0.0
0.0
765.3
0.0
7.5
227
0.0
0.0
0.0
0.0
0.0
47
0.0
0.0
24
34
0.0
0.0
0.0
0.0
0.0
0.0
179.8
28.8
0.0
0.0
97
27.3
13
0.0
0.0
25
3
37
44
0.0
0.0
0.0
5
0.0
0.0
0.0
284
0.0
423
27
0.0
3.0
38
0.0
0.0
0.0
59
0.0
647
0.0
0.0
0.0
0.0
180
6.4
1872
3.4
20
0.0
0.0
0.0
40.4
0.0
5.1
0.0
0.0
0.0
106
0.0
0.0
0.0
0.0
7.8
1
495
0.0
31
44
0.0
0.0
0.0
81
104
60
0
794
0.0
0.0
0.0
311
0.7
0.0
813
170
0.0
0.0
0.0
0.0
0.0
0
0.0
0.0
0.0
0.0
0.0
7.2
0.0
1152
0.0
0.0
0.0
374
92
0.0
0.0
0
479
109
155
0.0
0.0
0.0
0.0
0.0
0.0
79
0.0
201
11
0.0
281
0.0
660.3
0
0.0
14
0.0
0.0
0.0
0.0
397
0.0
2246.1
2.5
0.0
0.0
0.0
0.0
0.0
0.0
0.0
154.4
0.0
35.2
0.0
0.0
0.0
0.0
0.0
0.0
0.0
0.0
0.0
0.0
0.0
0.0
55
0.0
0.0
0.0
0.0
9
46.7
0.0
18
46
1395
0.0
122.3
0.0
0.0
0.0
0.0
2499.8
0.0
0.0
0.0
0.0
0.0
0.0
0.0
92
0.0
0.0
0.0
3.4
0.0
0.0
0.0
2528
0.0
146
1107
8.8
0.0
0.0
63
0.0
0.0
2
0.0
765
0.0
0.0
290
0.0
0.0
871
0.0
157
0.0
57.8
57.8
0.7
0.0
0.0
0.0
0.0
0.0
25
0.0
140
0.0
0.0
0.0
0.0
0.0
2.6
0.0
0.0
32.2
48.4
18
115
0.0
0.0
0.0
0.0
0.0
279
0.0
144
0.0
0.0
164.5
1.5
0.0
0.0
0.0
355
63
0.0
24
0.0
0.0
24
0.5
0.0
1.4
0.0
0.0
154
154
11.2
0.0
16.3
0.0
0.0
117
0.0
0.0
0.0
147
0.0
0.0
20
0.0
0.0
0.0
5.2
0.0
0.0
0.0
0.0
0.9
0.0
9.3
103
0.0
0.0
0.0
220
76
0.3
0.0
0.0
52.9
214
19
39
569
34
0.0
0.0
0.0
113
0.0
0.0
0.0
0.0
0.0
298
127.8
0.0
0.0
0.0
0.0
0.0
220
0.0
498
0.0
524.5
196.9
0.0
36.4
94
0.0
0.0
0.0
733.4
0.0
17
0.0
78
0.0
0.2
0.0
0.0
807
41
44
0.0
235
0.0
36
0.0
11.7
193
552.7
216
261.7
0.0
0.0
122
0.0
0.0
61
119
0.0
0.0
25
0.0
222
0.0
0.0
0.0
0.0
0.0
768
66
250
0.0
0.0
1460
44.6
1
0.0
1.0
0.0
326
559.2
0.7
6
0.0
0.0
808
69
133
0.0
18
71
133
17.0
58.5
788
0.0
39.4
0.0
21
0
0.0
0.0
0.0
0.0
85
0.0
0.0
19
107.3
69.7
0.0
16
0.0
0.0
0.0
408.8
36.8
645
0.0
2.5
0.0
0.0
119
0.0
0.0
0.0
0.0
0.0
103
0.0
0.0
260
0.0
0.0
0.0
0.0
0.7
0.0
0.0
2.3
0.0
0.0
0.0
0.0
0.0
0.0
0.0
0.0
0.0
12.6
521
0.0
0.0
112
0
219
0.0
0.0
0.0
0.0
651.8
0.0
0.0
0.0
167.9
0.0
6.2
0.4
138.9
70
278.9
0.0
0.0
111.0
24
0.0
0.0
0.0
2
0.0
190.1
0.0
4
411.1
53
2025
0.0
0.0
0.0
0.0
0
0.0
0.0
0.0
0.0
0.0
299
1237
319
72.1
0.0
0.0
0.0
232
179
0.0
112.8
24.6
52.2
38.6
0.0
1.6
0.0
0.0
450
0.0
0.0
0.0
9.1
144
0.0
0.0
0.0
6
0.0
0.0
0.0
0.0
540
362
0.0
564
43.4
33.7
0.0
0.0
42
0.0
24
0.0
0.0
102
0.0
7
0.0
1818
0.0
165.1
0.0
0.8
1
0.0
1299
0.0
0.0
0.0
0.0
796.3
0.0
64
0.0
23.2
76.6
82.9
0.0
0.0
0.0
0.0
398
29
0.0
0.0
0.0
47.7
230.1
223.2
0.0
198
0.9
0.0
4
0.0
0.0
0.0
0.0
11
0.0
0.0
0.0
0
5
0.0
0.0
0.0
73
2494
3
0.0
732
0.0
0.0
0.0
447
105
0.0
0.0
0.0
0.0
0.0
0.0
0.0
81
0.0
3
85
0.0
0.0
0
0
4.1
0.0
0.0
758
0.0
0.0
139
0.0
0.0
0.0
0.0
0.0
0.0
12
0.0
0.0
0.0
355
0.0
0.0
910.1
0.0
0.0
0.0
0.0
361.2
0
14
0.0
75
0.0
0.0
36
0.0
0.0
0.0
0.0
0
0.0
1546
308
0.0
0.0
0.0
0.0
0.2
0.0
271.1
0
570.5
993.2
0.0
0.0
0.0
0.0
229
0.0
0.0
0.0
2
0.0
0.0
0.0
5
18.5
0.0
0.0
117
0.0
1
0.0
0.0
0.0
0.0
0.0
0.0
0.0
51
52
0.0
0.0
7
0.0
0
0.0
145
0.0
169
0.0
54
0.0
0.0
0.0
75.5
0.0
174.8
5.6
62.8
0.0
120
0.0
88
749
53
1.8
37
0.0
21.5
317.1
64.2
0.0
0.0
431.9
0.0
0.0
0.0
0.0
0.0
0.0
3
1861
203
262
0.0
0.0
0.0
0.0
0.0
0.0
281
0.0
308.3
0.0
0.0
0.0
0.0
0.0
0.0
0.0
0.0
0.0
0.7
0.0
172
0.0
21
0.0
1.4
44.7
63
0.0
0.0
0.0
0.0
0.0
245
0.0
0.0
80
71
0.0
360.9
0.0
0.0
0.0
29.6
0.0
204
0
0.0
0.0
0.0
219
0.0
0.0
0.0
1.5
611.0
0.0
0.0
0.0
0.0
146.0
0.0
0.0
0.0
0.0
0.0
133.7
25
0.0
0.0
120.6
0.0
0.0
0.0
0.0
1000
0
0.0
0.4
0.0
0.0
93
56
0.0
0.0
0.0
0.0
0.0
0.0
0.0
0.0
62.9
0.0
0.0
0.0
241
232.7
15
0.0
0.0
0.0
0.0
9
27
0.0
0.0
0.0
0.0
103
1253
498
626.0
241.1
0.0
5.4
82
0.0
0.0
463
0.0
0.0
0.6
3.6
0.0
2716
0.0
0.0
0.0
47
38.2
175
0.0
0.0
260
0.0
0.0
0.0
600
0.0
86.7
0.0
0.0
0.0
0.4
152
0.0
5708
0.0
0.0
282
81
0.0
0.0
0.0
0.0
22.1
4.5
0.2
56
0
0.0
3.1
0.0
98.2
0.0
0.0
0.3
0.0
38.9
0.0
115.2
2
0.0
0.0
307
0.0
0.0
0.0
0.0
1191
2
0.0
1500
0.0
0.0
0.0
21
20
0.0
0.0
0.0
55
1228
130
0.0
0.0
0.0
277.5
115
0.0
123
141
0.0
0.0
616
0.0
214
111
44
0.0
46
19.4
0.0
639.4
0.0
0.0
0.0
0.0
0.0
0.0
192.7
0.0
100.1
0.0
156.1
0.0
0.0
0.0
0.0
5.3
0.0
1584.3
0.0
3705.5
0.0
73.5
7.4
5.8
683.2
0.0
303.3
0.0
52
0.0
34
6
0.0
26
0.0
0.0
0
0.0
33
968
0.0
5
5.1
16.3
0.0
0.0
0.0
0
0.0
204.6
4
0.0
285.7
47.5
0.0
0.0
0.0
0.0
652.9
369
110.4
48.3
0.0
0.0
0.0
0.0
0.0
0.0
0.0
51
0.0
0.0
0.0
0.0
38.3
0.0
48.6
0.0
183
52
0.0
601
1.9
0.0
0.0
8
493
0.0
196
1028.7
0.0
8.3
6.8
0.0
0.0
986
33.9
0.0
38.8
396
0.0
0.0
0.0
0.0
181.0
0.0
0.0
196
256.9
0.0
102
3863
20.8
110
0.0
20.6
0.0
0.0
171.6
0.0
0.0
0.0
0.0
3.7
24
0.0
0.0
15.5
0.0
0.0
156.6
1400.3
0.0
0.0
0.0
18.8
0.0
1966
0
1071
18.9
0.0
0.0
30.1
0.0
311.0
399.2
149.8
0.0
0.0
0.0
113
0
0
0.0
0.0
0.0
0.0
122.9
794.0
0.0
12.5
0.0
0.0
0.0
44.3
0.0
0.0
6
0.0
98.9
0.0
0.0
0.0
8.5
1712.1
0.0
62
11.3
0.0
0.0
0.0
120
0.0
0.0
0.0
0.0
218.1
0.0
236.6
0.0
0.0
2.5
0.0
29.2
0.0
0.0
59.6
152
12.2
210
0.0
0.0
0.0
0.0
0.0
0.0
62
0.0
0.0
0.0
6
61.7
0.0
0.0
0.0
144.1
0.0
79.5
0.0
224.1
0.0
0.0
0.0
0.0
0.0
0.0
0.0
0.0
376.8
16.8
3.4
0.0
37.8
12.6
0.0
38.7
0.0
0.0
7
34
54
105.8
143.6
89.9
58.2
0.0
0.0
0.0
0.0
0.0
726
0.0
0.0
13.0
0.0
0.0
0.0
0.0
406
0.0
50.7
0.0
101
0.0
0.0
0.0
0.0
0.0
0.0
8.5
0.0
0.0
3.0
0.0
7.6
18.6
50
772
0.0
0.0
5.9
0.0
32.6
158.7
0.0
0.0
724
0.0
0.0
22.9
8.3
0.0
0.0
0.0
0.0
140.8
0.0
0.0
111
0.0
801
0.0
0.0
0.0
0.0
0.0
0.0
0.0
0.0
0.0
0.0
0.0
0.0
0.0
66
0.0
1223
0.0
0.0
116.5
0.0
0.0
0.0
0.0
0.0
50.1
523
30
0.5
0.0
0.0
17
1179.5
0.0
249
0.0
38
134
0.0
0.0
102
0.0
0.0
1573
0.0
0.0
282.4
201
30
0.0
0.5
29.3
9
0.0
36
0.0
0.0
0.0
130.3
0.0
0.0
0.0
0.0
0.0
66.5
36.7
166.1
0.0
24.0
110
0.0
0.0
0.0
0.0
0
0
0
46
135
5.7
0.0
0.0
0.0
353.7
340
0.0
0
0.0
0.0
31
0.0
0.0
1.4
0.0
122
1966
0.0
0.0
0.0
401
0.0
7
0.0
0
0.0
154
0.0
0.0
0.0
870
34
0.0
0.0
0.0
5.7
0.0
0.0
0.0
2.7
568
0.0
0.0
0.0
222
0.0
0
0.0
0.0
0.0
0.0
42
0.0
0.0
66
0.0
0.0
0.0
3.6
0.0
21.8
0.0
25
2
250
343.1
0.0
0.0
0.0
0.0
0.0
405
1649
0
0.0
296.3
0.0
0.0
0
33
33
73.8
0.0
0.0
0.0
0.0
0.0
64
93.9
933
403
17
0.0
0.0
0.0
0.0
0.0
13.6
0.0
0.0
0.0
93
0.0
0.0
0.0
0.0
673.4
1100.9
16.6
0.0
0.0
0.0
58
965.3
0.0
0.0
0.0
0.0
669.2
0.0
0.0
40
0.0
0.0
0.0
0
0.0
0.0
0.0
8
51
521
0.0
2.7
0.0
328
0.0
0.0
188
80
0.0
0
0.0
0.0
0
8.8
79.2
0.0
53.1
0.0
9.1
0.0
951
0.0
0.0
0.0
182
0.0
33.1
8.1
0.0
15.1
0.0
0.0
0.0
0.0
3.2
0.0
95
0.0
0.0
0.0
73.2
0.0
0.0
0.0
0.0
0.0
8.0
24.0
0.0
0.0
0.0
180.7
13.0
0.0
0.0
0.0
326.8
0.0
0.0
352
9.0
182.3
0.0
0.0
0.0
0.0
54
0.0
0.0
0.0
0.0
0.0
1276
0.0
9.3
1276
0.0
0.0
45.7
53.5
0.0
0.0
0.0
1015
0.0
9.6
0.0
118.4
0.0
20
0.0
0.0
0.2
0.0
0.0
0.0
0.0
0.0
0.0
185
0.0
0.0
0.0
0.0
0.0
0.0
0.0
0.0
0.0
0.0
0.0
0.0
393
0.0
0.5
0.0
118.4
12.0
0.0
1.3
61.7
0.0
0.0
0.0
0.0
0.0
75.7
286.2
147.5
0.0
0.0
0.0
0.0
0.0
0.0
61.0
0.0
0.0
0.0
554.2
0.0
0.0
17
45.8
0.0
38
0.0
0.0
327.5
0.0
0.0
634
0.0
0.0
0.0
13
57
0.0
767
0.0
224.7
0.0
0.0
0.0
18
0.0
0.0
0.0
0.0
0.0
0.0
586
0.0
0.0
19
152.5
0.0
0.0
201
0.0
0.1
55
6
7.7
284
0.0
530.3
0.0
326
0.0
37
0.0
113
161
0.0
0.0
0.0
127.2
0.0
17.2
0.0
0.0
0.0
0.0
9.7
0.0
1477.4
12
135
0.0
0.0
0.0
2
2.8
0.4
0.0
0.0
0.0
848.8
0.0
0.0
374
0.0
76.0
0.0
0.0
42.0
892
0.0
0.0
0.0
2.5
0.0
0.0
0.0
0.0
91
0.0
0.0
0.0
156
0.0
0.0
0.0
29
139.3
0.0
0.0
0.0
0.0
1
0.0
7
5.8
0.0
0.0
0.0
5
0.0
0.0
0.0
0.0
414.6
0.0
13.2
5.2
0.0
17.6
8.5
23.7
0.0
0.0
194.1
14.6
0.0
8
0.0
0.0
215.4
0.0
0.0
135
0.0
13.1
77
0.0
0.0
0.3
73
0.0
76.3
0.0
1722.3
0.0
0.0
0.0
0.0
0.0
0.0
834.3
0.0
0.0
0.0
16
56
0.0
0.0
208.6
0.0
12
0.0
608.8
27.5
1697.6
0.0
0.0
0.0
0.0
2.3
2.3
0.0
0.0
0.0
0.0
168.6
168.6
0.0
0.0
0.0
362
0.0
9.1
0.0
0.0
0.0
0.0
0.0
0.0
0.0
0.0
0.0
0.0
0.0
74
0.0
0.0
0.0
98
0.0
18
0.0
0.0
108
0.0
0.0
0.0
309.3
0.0
149
0.0
0.0
1
0.0
22
0.0
48
15
0.0
0.0
0.0
111
0.0
1292.8
1471.7
0.0
0.0
0.0
0.0
78.0
0.0
0.0
0.0
33.7
0.0
0.0
650
77.6
144.5
0.0
0.0
14.6
250.1
201.7
0.0
490.5
0.0
18.9
19.1
509.6
113.1
2913.7
88.3
114
15.1
432.6
816.1
66.2
935.3
1697.6
170
0.0
247.6
0.0
0.0
82
191.9
97.5
0.0
0.0
0.0
241
4396.9
20.9
0.0
0.0
128.2
0.0
100.1
8.3
35.2
0.0
0.0
0.0
0.0
15.3
65.6
69
0.0
0.0
15.2
0.0
85.7
0.5
80
2946.2
20.6
20.7
0.0
0.0
0.0
0.9
165.7
0.0
0.0
0.0
0.0
405
0.0
0.0
0.0
0.0
0.0
69.0
0.0
18.4
0.0
0.0
11.6
0.0
3.9
0.0
20.6
0.0
456.5
2359
459.3
0.0
0.0
413.4
0.0
1.4
79.5
85.0
0.0
0.0
1168.4
0.0
0.0
551.3
104
539
264
434.9
2676.8
0
0.0
0.0
487.6
0
0
0
0
0
0.0
270.6
0.0
0.0
7.9
8.9
0.0
0.0
53.8
0.0
811
478.2
206
18
91
0.0
3.3
0.0
0.0
0.0
0.0
59.7
0.5
2875.5
110.6
0.0
81.9
0.0
42
0
0.0
0.0
39.8
320
0.0
0.0
0.0
0
0.0
179.2
9.7
39
1745
754.1
482
4
0.0
79.3
0.0
0
0.0
0.0
397
47
0.0
757.4
19.5
41.2
847.4
0
0.0
0.0
0.0
87.3
0.0
0
2797.7
460
0.0
254
0.0
75.4
771
1145.3
0.0
111
0.0
77
480
153.6
436.7
6
0.0
87.6
207
68
0.0
485.0
0.0
2.1
108
269
0.0
0.0
116.4
0.0
176
4267
0.0
0.0
879
643.2
5.1
168
0.0
273.6
120
0.0
30
0.0
0.0
0
63.4
146.5
205.6
0.0
0
0.0
336.7
3.3
0.0
241.3
105.9
0.0
90.2
0.0
170.2
0.0
0.0
878
187
0.0
0
0.0
1276
0.0
0.0
0.0
164.0
0.0
5.4
0.0
0.0
0.0
0.0
16.3
0.0
0.0
0.0
44.1
509.4
288
21.1
0.0
98.9
0.0
7.0
99
309.8
213.7
0
0.0
61
265
0.0
10
104
0.0
0.0
0.0
0.0
0.0
218
0.0
0.0
0.0
0.0
53.9
0.0
37.8
635
1070.5
0.0
0.0
0.0
94
0.0
0.0
262.7
155
0.0
0.0
117.0
52
756
0.0
484.9
63.0
198.4
12
82
41
862.9
0.0
555
0.0
0
18.3
0
0
0.0
2051
32.1
7.5
163.6
0.4
0
1168.8
85.2
0.0
418
0
21.4
0.0
36
0.0
382.2
0.0
0.0
0.0
413
0.0
114.1
0
523.3
71
0.0
0.0
473.2
0.0
22.0
75
37.1
295
0.0
0.0
0.0
0.0
0.0
204
151
0.0
29
143
0.0
4
0.0
4.4
42
140
5
0.0
0.0
0.0
403
143
0.0
0.0
933.2
0.0
0.0
477.7
150
0.0
269
16.1
182
0.0
764
0.0
0
150
0.0
426.2
803.2
80.4
0.0
0.0
258
0.0
19.9
0
0.0
41
12.1
129.1
31
0.0
0.0
0.0
0.0
0.0
0.0
57.9
3173
35.9
0.0
0.0
10.3
276.2
0.0
15.4
0.0
0.0
0.0
6
18
0.0
36
100.4
23.8
0
114.7
0.0
0.0
466
0.7
0.0
0.0
10.4
647
0.0
0.0
0.0
0.0
0.0
0.0
282
0.0
0.0
35.4
226
4.5
0.0
84.5
0.8
63
1.9
0.0
61
0.0
253.4
586.5
1394.2
1950.2
405
96.2
0.0
0.0
0.0
17
25
0.0
80
0.0
353
172
6.3
0.0
27.5
1572.9
0.0
0.0
2.0
0.0
1018
427.8
29.3
0.0
0.0
0.0
0.0
0.0
247.3
20
75.7
0.4
39.4
213.0
491.0
9.0
0.0
205
135
24.6
228
0.0
0.0
0.0
141
0.0
0.0
0.0
614
918
757
291.9
23.3
0.0
578
0.0
137.9
0.0
66.1
0.0
544.2
65.3
0.0
560.2
0.0
0.0
0.0
119.5
0.0
0.0
0.0
0.0
106.9
0.0
26.5
12.1
102.2
0.0
1.9
0.0
0.0
349.1
0.0
0.0
0.0
4.3
0.0
0.0
0.0
23.4
0.0
187.2
0.0
0.0
0.0
0.0
0.0
0.0
3393.4
0.0
0.0
96.5
0.0
105
212
0.0
0.0
0.0
0.0
0.0
0.0
0.0
0.0
0.0
0.0
1019
25.9
0.0
580
0.0
0.0
0.0
0.0
0.0
44
12.7
156.5
0.0
388
0.0
29.1
5.6
557.4
0.0
1.9
0.0
0.0
0.0
156.1
0.0
0.0
0.0
40.0
86.0
331.0
0.0
0.0
11
48.7
0.0
0.0
0.0
0.0
260
0.0
0.0
4.4
577.2
42
14.6
0.0
0.0
0.0
0.0
0.0
52.4
0
274.8
303.4
0.0
0.0
0.0
0.0
5
0.0
158
0.4
2.2
93.3
0.0
0.0
15.2
0.0
0.0
40.9
22.6
179.7
0.0
66.7
37.9
26
156
0.0
0.0
0.0
117
0.0
24.9
0.0
95.4
0.0
0.0
0.0
16.7
0.0
0.0
218
0.0
0.0
0.0
0.0
0.0
617.3
244.2
0.0
0.0
3.2
190
22.2
0.0
107.4
3.5
0.0
17
34.3
0.0
0.0
0.0
223.8
0.0
0.0
0.0
0.0
0
39.7
17.5
554.6
219
0.0
0.0
22.6
66.0
0.0
0.0
0.0
1.1
556.7
0.0
53
0.0
0.0
0.0
0.0
0.0
46
0.0
721.9
0.0
87
564
228
0.0
0.0
0.0
0.0
4.3
0.0
296
114.8
0.0
0.0
0.0
27
485
472
0.0
11.3
0.0
93
0.0
0.0
0.0
0.0
0.0
0.0
0.0
173
0.0
0.0
0.0
0.0
0.0
0.0
0.0
744
0.2
0.0
786
0.0
0.0
72
64
0.0
190
0.0
18
0.0
0.0
0.0
0.0
0.0
0.0
0.0
33
0.0
0.0
0.0
18
0.0
0.0
166
0.0
1119
0.0
34
0.0
16
0.0
0.0
78
0.0
303
20
0.0
1153
0.0
89
0.0
0.0
248
0.0
0.0
0.0
0
77
1
0.0
0.0
179
0.0
0.0
0.0
0.0
13.9
155
207
0.0
9.7
1446.5
0.0
0.0
161
0.0
0.0
0.0
0.0
0.0
61.4
0.0
0.0
207
0.0
54.5
0.0
72.2
9.2
0.0
0.0
0.0
0.0
0.0
1109.7
0.0
0.0
43.7
576.5
33
0.0
0.0
0.0
0.0
0.0
0.0
0.0
55.7
0.0
0.0
0.0
0.0
0.0
17.5
0.0
12.7
0.0
0.5
93.4
30.5
0.0
0.0
0.0
58
19.3
69.7
0
0.0
0.0
0.0
0.0
1.5
18
52
0.0
0.0
18.4
87
1643
0.0
0.0
0.0
109.1
0.0
709
0
88
0.0
0.0
0.0
0.0
0.0
249
71.2
0.0
0.0
0.0
0.0
0.0
0.0
184
0.0
80.7
0.0
77
0.0
254
0.0
57
0.0
91.7
0.0
0.0
0.0
0.0
0.0
97
0.0
82.6
0.0
0.0
40.9
80.3
0.0
0.0
390
0.0
0.0
83
0.0
0
120
0.0
0.0
0.0
0.0
0.0
196
0.0
0.0
85
0.0
0.0
0.0
0.0
0.0
0.0
43.5
39
1
0.0
231
0.0
0.0
0.0
0.0
7.7
0.0
0.0
0.0
0.0
143
0.0
62
0.0
94.6
29.4
0.0
2.7
0
1
0.0
0.0
0.0
93
0.0
0.0
1.5
14
0.0
77
14.5
0.0
0.0
0.0
151
0.0
0.0
0.0
0.0
0.0
0.0
0.0
7.8
393
39
0.0
0.0
0.0
0.0
0.0
0.0
551.3
11
0.0
556.7
0.0
0.0
98.5
183
277.3
296
0.0
0.0
0.0
0.0
0.0
0.0
0.0
0.0
754.1
790.5
0.0
0.0
2.2
38.8
771
0.0
480
6
68
485.0
0.0
269
0.0
50.2
0.0
0.0
273.6
120
196
0.0
77
213.7
578
54
0.0
0.0
345
55.6
149
0.0
8.0
17.1
0
0.0
0.0
0.0
279
0.0
0.0
128.2
141
0.0
392.2
392.2
0.0
0.0
36
80
0.0
0
0.0
0.0
73.2
0.0
118.4
0.0
0.0
0.0
77
0.0
0.0
24.6
315
173
21
962
0.0
0.0
107
2
198
10.4
0.0
0.0
45.9
0.0
0.0
49
0.0
150
0.0
0.0
0.0
588
0.0
0.0
533
288
0.0
4.2
1
22.3
534.4
0.0
63
128
0.0
0.0
0
10.1
240.5
0.0
0.0
0.0
48
0.0
0
184
418
93
1
0.0
0.0
0.0
19
0.0
119
0.0
0.0
461
0.0
0.0
0.0
60
802
0.0
0.0
0.0
0
97.5
166.2
0.0
78.4
0.0
195.6
0.0
74
0.0
0
0.0
13
0.0
99.0
0.0
140.1
140.1
117
0
108
10
0.0
0.0
0.0
706
0.0
434
0.0
0.0
0.0
0.0
0.0
0.0
130.6
1628.4
0.0
0.0
190.1
0.0
0.0
0.0
0.0
0.0
0
0.0
0.0
227.2
0.0
0.0
0.0
0.0
0.0
0.0
0.0
107
28.4
0.0
0.0
6.2
0.0
192
0.0
11
0.0
24
0
1.1
0
0.0
764
104
0.0
0.0
3173
2.5
0.0
0.4
190.1
473
17.5
0.0
0.0
0.0
1446.5
0.0
241.3
0.0
0.0
0.0
5.4
17.5
44.1
0.0
0.0
0.0
0.0
0.0
370
94
0.0
719.8
0.0
0.0
756
0.0
41
0.0
12
305
0.0
0.0
2051
32.1
0.0
0
538
47.9
0.0
0.0
0.4
66.7
242.4
9.6
139
75
37.1
295
0.0
143
0.0
0.0
393
0.0
0.4
2436.7
0.0
0.0
126
652
0.0
269
0.0
16.1
0.0
0.0
0.0
0.0
0.0
0.0
0.0
0.0
0.0
0.0
9.9
199
0.0
311
0.0
0.0
0.0
10
0.0
0.0
0.0
82
0.0
0.0
393
24
0.0
107.3
0.0
0.0
0.0
0.0
0.0
0.0
8.5
0.0
0.0
1697.6
15.2
0.0
26.4
42.7
36.4
0.0
108.5
0
176.7
0.0
0.0
0.0
0.0
0.0
201.7
534.6
0.0
760.8
30.6
0.0
306.5
0.0
0.0
144.1
43
120
658
0.0
0.0
45.2
699
21
1
56
0.0
12.3
432
320.5
0.0
0.0
4.8
1.0
0.0
0.0
0.0
0.0
0.0
0.0
0.0
14.2
0.0
0.0
0.0
0.0
0.0
194.4
0.0
0.0
390.2
437
0.0
82
74
0.0
0.0
0.0
7.6
0.0
0.0
0.0
0.0
6.3
0.0
0.0
0.0
0.0
356
2978.5
0.0
0.0
0.0
0.0
61
0.0
0.0
176
0.0
20
0.0
0.0
0.0
222
3558
63
0.0
0.0
0.0
10
10
196
14
0.0
68
86.1
240
28.6
0.0
0.0
112.8
4.5
0
35
29
220
0.0
0.0
0.0
0.0
0.0
297.5
1912
82
0.0
0.0
90
0.0
0.0
0.0
0.0
108
0.0
1.3
17.8
0.0
0.0
0.0
0.0
0.0
0.0
0.0
0.0
2.5
0.0
230.1
75
0.2
0.0
1.4
0.2
0.0
100.1
0
0.0
0.0
13.0
0.0
0.0
66
0.0
0.0
0.0
0.0
78
0.0
49.7
0.0
0.0
0.0
0.0
509.6
2913.7
23.4
7.6
88.3
114
103
103.7
935.3
0.0
376.3
0.0
4.3
19.0
156.1
323.7
0.0
0.0
0.0
1234
24.7
67.3
0.0
0.0
0.0
0.0
0.0
33.6
1109
0.0
4
0.0
0.0
0.0
0.0
491.0
166.5
47.1
108.8
45.1
81
49.7
0.0
0.0
71.7
0.0
0.0
0.0
220
0.0
0.0
0.0
23.6
1535
271.3
0.0
1.0
0.0
743.6
69.1
623.8
38
0.0
71
11
12.4
0.0
0.0
2.5
47.7
0.2
0.0
0.0
0.0
48
0.0
0.0
0.0
0.0
21.5
0.0
61.7
17
0.0
0.0
9.7
374
0.0
7
194.1
8
176
35
71
0.0
27
0.0
146
10
0.0
0.0
93.4
444
56.8
155
236.3
275
103
0.0
0.0
541
0.0
44.8
1
0.0
147
398
0.0
0.0
0.0
227
598
93.3
2.0
8.4
0.0
0.0
6.0
0.0
30.8
124
13.4
24.8
0.0
0.0
4.6
0.0
0.0
7
0.0
324.0
0.0
0
174.8
0.0
0.0
22.7
50.2
0.0
0.0
765.3
107.3
796.3
8.5
0.0
166.5
98.9
66
0.0
27.9
0.0
202.2
19.0
0.0
182.5
185.9
33
0.0
48.2
0.0
50.1
0
0.0
1216
0.0
0.0
0.0
24.3
134
31.6
130.6
0.0
0.0
390
0.0
0.0
0.0
0.0
1119
0.0
0.0
0
0.0
1628.4
0.0
5.8
7.3
0.0
0.0
0.0
0.0
287.6
615
1446.5
0.0
391.9
0.0
17.5
0.0
0.0
83
4.4
57.2
355
429.0
0.0
0.0
50
300
1
0.0
0.0
5
0.0
0.0
203
712
0.0
0.0
0.0
0.0
0.0
0.0
105
0.0
272
0.0
141
0.0
0.0
0.0
0.0
0.0
0.0
0.0
0.0
94
0.0
0.0
0.4
190.1
0.0
73
0.0
271.1
0.0
120
44.7
71
0.0
498
5.4
0.0
0.0
56
156.1
0.0
0.0
0.0
61.7
111
